3 50
3 50

1 1 810 1944 1800 3600 10 100 21600 28800 250 250 325 1 0.06 0.09 0.11 11
2 1 730 1650 1512 5112 10 150 8100 13500 280 280 365 2 0.03 0.13 0.18 10
3 1 920 2250 1800 3600 10 25 18000 25200 245 245 350 2 0.04 0.061 0.072 12

0 1 5 6744.0 8607.8
57.5 24.6 18.0 1724.0
38.8 24.5 41.7 2596.0
22.1 32.0 46.0 2174.0
18.0 24.5 47.6 1489.0
42.1 28.1 36.5 2667.0

1 1 5 37635.0 17532.0
73.0 64.0 51.9 23352.0
78.3 72.7 76.4 14668.0
87.7 70.5 74.4 3396.0
73.0 74.0 64.0 15453.0
69.0 56.9 76.7 13779.0

2 1 5 1029.0 1017.0
28.3 13.8 13.8 98.0
24.9 13.8 25.1 142.0
21.8 15.9 26.9 376.0
13.7 13.8 28.3 0.0
26.7 14.9 22.4 536.0

3 1 5 105909.0 45458.3
75.7 165.7 101.0 10143.0
69.0 169.0 36.6 36239.0
139.0 93.2 155.7 34743.0
69.8 36.6 169.0 44612.0
90.6 147.4 136.2 47096.0

4 1 5 28588.1 20398.8
77.0 77.0 60.9 5542.0
76.7 60.9 76.7 25217.0
69.7 74.6 76.7 25150.0
73.2 74.1 71.1 12042.0
77.0 77.0 60.9 1183.0

5 1 5 6310.0 9792.0
16.6 79.7 11.5 3908.0
34.7 71.2 60.6 3726.0
27.2 37.2 80.4 5187.0
16.6 11.5 79.7 2425.0
29.6 73.2 57.4 3737.0

6 1 5 6701.0 7554.0
40.0 49.0 24.0 5289.0
39.3 41.4 46.9 422.8
43.4 34.3 50.8 1254.6
50.3 24.6 40.2 4043.6
49.5 38.1 42.5 5762.5

7 1 5 2105.0 2160.0
22.4 26.3 13.3 396.0
26.0 30.0 33.1 341.0
26.3 29.2 33.5 559.7
24.2 25.8 26.9 746.9
32.5 32.1 22.7 725.9

8 1 5 9394.0 3705.0
37.3 31.2 27.0 1363.0
33.2 36.5 48.9 430.1
28.8 33.8 44.9 2786.2
28.8 38.4 40.0 505.2
38.0 45.7 32.5 1861.8

9 1 5 3850.0 6134.0
41.9 41.9 7.0 577.0
37.8 39.7 33.2 2308.5
30.2 35.6 41.9 1643.7
30.2 35.6 41.9 1643.7
39.2 41.1 28.5 4145.8

10 1 5 13136.0 5670.0
69.5 61.0 28.6 4516.0
58.7 76.3 35.1 718.5
36.1 53.2 78.1 1745.7
47.0 26.0 82.1 3943.0
61.2 55.4 52.2 338.2

11 1 5 46500.0 27732.0
85.0 86.3 79.9 1361.4
78.4 86.3 85.8 28006.5
78.4 81.3 80.5 27077.2
78.6 51.1 80.8 28453.4
86.3 56.2 80.4 28804.9

12 1 5 24764.0 7760.0
63.0 30.0 30.0 411.0
65.2 39.1 58.8 465.6
36.3 35.4 63.2 3485.3
59.1 56.1 57.7 8172.9
57.0 60.1 56.2 1014.9

13 1 5 46432.0 27592.0
96.6 96.5 12.0 12883.6
75.6 92.0 70.0 6432.2
76.4 63.6 96.5 6831.4
76.7 63.3 96.6 6885.8
20.2 95.9 96.6 7314.5

14 1 5 66982.0 55677.0
75.9 85.3 46.0 11664.0
92.8 105.9 94.7 30025.2
106.8 102.5 95.0 17431.5
77.4 65.3 93.9 45029.2
75.9 85.3 46.0 13879.9

15 1 5 51532.0 15176.0
69.1 69.1 20.1 6416.0
63.1 66.1 58.1 2273.5
63.1 51.9 69.8 7623.9
65.3 47.3 69.2 7372.2
69.7 61.8 54.5 14509.8

16 1 5 30416.0 28909.0
80.4 80.4 72.6 11322.0
80.4 80.4 72.6 9363.3
85.4 82.6 80.4 31663.2
80.0 80.3 77.3 9278.3
75.9 86.0 80.4 31798.2

17 1 5 44567.0 18280.0
60.0 50.0 30.1 11506.0
64.9 54.4 59.9 1073.2
64.7 55.6 73.6 9341.4
63.0 39.1 52.8 2873.4
73.8 62.7 61.7 6208.8

18 1 5 19267.0 10134.0
34.0 103.0 26.0 9173.0
81.4 62.7 85.6 1332.3
72.1 42.8 99.4 7526.6
83.2 77.1 76.1 18873.1
79.2 92.7 59.1 905.4

19 1 5 12012.0 5540.0
38.4 32.2 31.0 1684.0
34.9 34.3 38.1 759.5
39.0 31.4 37.5 1441.9
31.2 31.4 36.5 3103.5
35.5 36.6 35.7 2836.2

20 1 5 6744.0 8607.8
57.5 24.6 18.0 1724.0
38.8 24.5 41.7 2596.0
22.1 32.0 46.0 2174.0
18.0 24.5 47.6 1489.0
42.1 28.1 36.5 2667.0

21 1 5 37635.0 17532.0
73.0 64.0 51.9 23352.0
78.3 72.7 76.4 14668.0
87.7 70.5 74.4 3396.0
73.0 74.0 64.0 15453.0
69.0 56.9 76.7 13779.0

22 1 5 1029.0 1017.0
28.3 13.8 13.8 98.0
24.9 13.8 25.1 142.0
21.8 15.9 26.9 376.0
13.7 13.8 28.3 0.0
26.7 14.9 22.4 536.0

23 1 5 105909.0 45458.3
75.7 165.7 101.0 10143.0
69.0 169.0 36.6 36239.0
139.0 93.2 155.7 34743.0
69.8 36.6 169.0 44612.0
90.6 147.4 136.2 47096.0

24 1 5 28588.1 20398.8
77.0 77.0 60.9 5542.0
76.7 60.9 76.7 25217.0
69.7 74.6 76.7 25150.0
73.2 74.1 71.1 12042.0
77.0 77.0 60.9 1183.0

25 1 5 6310.0 9792.0
16.6 79.7 11.5 3908.0
34.7 71.2 60.6 3726.0
27.2 37.2 80.4 5187.0
16.6 11.5 79.7 2425.0
29.6 73.2 57.4 3737.0

26 1 5 6701.0 7554.0
40.0 49.0 24.0 5289.0
39.3 41.4 46.9 422.8
43.4 34.3 50.8 1254.6
50.3 24.6 40.2 4043.6
49.5 38.1 42.5 5762.5

27 1 5 2105.0 2160.0
22.4 26.3 13.3 396.0
26.0 30.0 33.1 341.0
26.3 29.2 33.5 559.7
24.2 25.8 26.9 746.9
32.5 32.1 22.7 725.9

28 1 5 9394.0 3705.0
37.3 31.2 27.0 1363.0
33.2 36.5 48.9 430.1
28.8 33.8 44.9 2786.2
28.8 38.4 40.0 505.2
38.0 45.7 32.5 1861.8

29 1 5 3850.0 6134.0
41.9 41.9 7.0 577.0
37.8 39.7 33.2 2308.5
30.2 35.6 41.9 1643.7
30.2 35.6 41.9 1643.7
39.2 41.1 28.5 4145.8

30 1 5 13136.0 5670.0
69.5 61.0 28.6 4516.0
58.7 76.3 35.1 718.5
36.1 53.2 78.1 1745.7
47.0 26.0 82.1 3943.0
61.2 55.4 52.2 338.2

31 1 5 46500.0 27732.0
85.0 86.3 79.9 1361.4
78.4 86.3 85.8 28006.5
78.4 81.3 80.5 27077.2
78.6 51.1 80.8 28453.4
86.3 56.2 80.4 28804.9

32 1 5 24764.0 7760.0
63.0 30.0 30.0 411.0
65.2 39.1 58.8 465.6
36.3 35.4 63.2 3485.3
59.1 56.1 57.7 8172.9
57.0 60.1 56.2 1014.9

33 1 5 46432.0 27592.0
96.6 96.5 12.0 12883.6
75.6 92.0 70.0 6432.2
76.4 63.6 96.5 6831.4
76.7 63.3 96.6 6885.8
20.2 95.9 96.6 7314.5

34 1 5 66982.0 55677.0
75.9 85.3 46.0 11664.0
92.8 105.9 94.7 30025.2
106.8 102.5 95.0 17431.5
77.4 65.3 93.9 45029.2
75.9 85.3 46.0 13879.9

35 1 5 51532.0 15176.0
69.1 69.1 20.1 6416.0
63.1 66.1 58.1 2273.5
63.1 51.9 69.8 7623.9
65.3 47.3 69.2 7372.2
69.7 61.8 54.5 14509.8

36 1 5 30416.0 28909.0
80.4 80.4 72.6 11322.0
80.4 80.4 72.6 9363.3
85.4 82.6 80.4 31663.2
80.0 80.3 77.3 9278.3
75.9 86.0 80.4 31798.2

37 1 5 44567.0 18280.0
60.0 50.0 30.1 11506.0
64.9 54.4 59.9 1073.2
64.7 55.6 73.6 9341.4
63.0 39.1 52.8 2873.4
73.8 62.7 61.7 6208.8

38 1 5 19267.0 10134.0
34.0 103.0 26.0 9173.0
81.4 62.7 85.6 1332.3
72.1 42.8 99.4 7526.6
83.2 77.1 76.1 18873.1
79.2 92.7 59.1 905.4

39 1 5 12012.0 5540.0
38.4 32.2 31.0 1684.0
34.9 34.3 38.1 759.5
39.0 31.4 37.5 1441.9
31.2 31.4 36.5 3103.5
35.5 36.6 35.7 2836.2

40 1 5 6744.0 8607.8
57.5 24.6 18.0 1724.0
38.8 24.5 41.7 2596.0
22.1 32.0 46.0 2174.0
18.0 24.5 47.6 1489.0
42.1 28.1 36.5 2667.0

41 1 5 37635.0 17532.0
73.0 64.0 51.9 23352.0
78.3 72.7 76.4 14668.0
87.7 70.5 74.4 3396.0
73.0 74.0 64.0 15453.0
69.0 56.9 76.7 13779.0

42 1 5 1029.0 1017.0
28.3 13.8 13.8 98.0
24.9 13.8 25.1 142.0
21.8 15.9 26.9 376.0
13.7 13.8 28.3 0.0
26.7 14.9 22.4 536.0

43 1 5 105909.0 45458.3
75.7 165.7 101.0 10143.0
69.0 169.0 36.6 36239.0
139.0 93.2 155.7 34743.0
69.8 36.6 169.0 44612.0
90.6 147.4 136.2 47096.0

44 1 5 28588.1 20398.8
77.0 77.0 60.9 5542.0
76.7 60.9 76.7 25217.0
69.7 74.6 76.7 25150.0
73.2 74.1 71.1 12042.0
77.0 77.0 60.9 1183.0

45 1 5 6310.0 9792.0
16.6 79.7 11.5 3908.0
34.7 71.2 60.6 3726.0
27.2 37.2 80.4 5187.0
16.6 11.5 79.7 2425.0
29.6 73.2 57.4 3737.0

46 1 5 6701.0 7554.0
40.0 49.0 24.0 5289.0
39.3 41.4 46.9 422.8
43.4 34.3 50.8 1254.6
50.3 24.6 40.2 4043.6
49.5 38.1 42.5 5762.5

47 1 5 2105.0 2160.0
22.4 26.3 13.3 396.0
26.0 30.0 33.1 341.0
26.3 29.2 33.5 559.7
24.2 25.8 26.9 746.9
32.5 32.1 22.7 725.9

48 1 5 9394.0 3705.0
37.3 31.2 27.0 1363.0
33.2 36.5 48.9 430.1
28.8 33.8 44.9 2786.2
28.8 38.4 40.0 505.2
38.0 45.7 32.5 1861.8

49 1 5 3850.0 6134.0
41.9 41.9 7.0 577.0
37.8 39.7 33.2 2308.5
30.2 35.6 41.9 1643.7
30.2 35.6 41.9 1643.7
39.2 41.1 28.5 4145.8