Here, we provide the due-dates for each part, listed according to the part's index, for each tested instance. For example, "# 2-50-0.3-0.3" refers to an instance with m=2, n=50, TF=0.3, and RDD=0.3.
========================================================================================================================================================================
# 2-20-0.3-0.3
[71296, 66626, 79207, 70218, 94959, 91948, 93440, 87369, 76250, 68642, 94463, 64348, 88037, 90852, 62629, 91679, 79945, 77483, 69190, 83294]
# 2-20-0.3-0.6
[63059, 53719, 78880, 60903, 110385, 104363, 107346, 95204, 72967, 57750, 109392, 49163, 96541, 102171, 45724, 103825, 80356, 75432, 58847, 87054]
# 2-20-0.6-0.3
[37210, 32540, 45121, 36132, 60873, 57862, 59354, 53283, 42164, 34556, 60377, 30262, 53951, 56766, 28543, 57593, 45859, 43397, 35104, 49208]
# 2-20-0.6-0.6
[28973, 19633, 44794, 26817, 76299, 70277, 73260, 61118, 38881, 23664, 75306, 15077, 62455, 68085, 11638, 69739, 46270, 41346, 24761, 52968]
# 3-20-0.3-0.3
[62518, 76767, 85884, 84404, 83143, 60183, 66474, 61979, 74350, 83051, 72844, 73590, 79467, 70555, 83960, 64995, 61191, 74102, 59044, 87388]
# 3-20-0.3-0.6
[51071, 79569, 97803, 94843, 92320, 46401, 58982, 49993, 74734, 92136, 71723, 73215, 84968, 67144, 93955, 56025, 48417, 74238, 44123, 100810]
# 3-20-0.6-0.3
[30818, 45067, 54184, 52704, 51443, 28483, 34774, 30279, 42650, 51351, 41144, 41890, 47767, 38855, 52260, 33295, 29491, 42402, 27344, 55688]
# 3-20-0.6-0.6
[19371, 47869, 66103, 63143, 60620, 14701, 27282, 18293, 43034, 60436, 40023, 41515, 53268, 35444, 62255, 24325, 16717, 42538, 12423, 69110]
# 4-20-0.3-0.3
[62785, 77034, 86151, 84671, 83410, 60450, 66741, 62246, 74617, 83318, 73111, 73857, 79734, 70822, 84227, 65262, 61458, 74369, 59311, 87655]
# 4-20-0.3-0.6
[51265, 79763, 97997, 95037, 92514, 46595, 59176, 50187, 74928, 92330, 71917, 73409, 85162, 67338, 94149, 56219, 48611, 74432, 44317, 101004]
# 4-20-0.6-0.3
[30940, 45189, 54306, 52826, 51565, 28605, 34896, 30401, 42772, 51473, 41266, 42012, 47889, 38977, 52382, 33417, 29613, 42524, 27466, 55810]
# 4-20-0.6-0.6
[19420, 47918, 66152, 63192, 60669, 14750, 27331, 18342, 43083, 60485, 40072, 41564, 53317, 35493, 62304, 24374, 16766, 42587, 12472, 69159]
# 5-20-0.3-0.3
[59738, 73987, 83104, 81624, 80363, 57403, 63694, 59199, 71570, 80271, 70064, 70810, 76687, 67775, 81180, 62215, 58411, 71322, 56264, 84608]
# 5-20-0.3-0.6
[49049, 77547, 95781, 92821, 90298, 44379, 56960, 47971, 72712, 90114, 69701, 71193, 82946, 65122, 91933, 54003, 46395, 72216, 42101, 98788]
# 5-20-0.6-0.3
[29554, 43803, 52920, 51440, 50179, 27219, 33510, 29015, 41386, 50087, 39880, 40626, 46503, 37591, 50996, 32031, 28227, 41138, 26080, 54424]
# 5-20-0.6-0.6
[18866, 47364, 65598, 62638, 60115, 14196, 26777, 17788, 42529, 59931, 39518, 41010, 52763, 34939, 61750, 23820, 16212, 42033, 11918, 68605]
# 2-50-0.3-0.3
[98672, 127170, 94002, 106583, 97594, 122335, 119324, 120816, 132569, 114745, 103626, 96018, 121839, 91724, 115413, 118228, 129676, 90005, 135469, 119055, 107321, 137153, 104859, 128608, 96566, 110670, 91871, 91329, 91534, 132435, 125349, 90470, 114849, 134856, 104062, 117530, 137436, 91770, 124445, 104395, 118564, 122360, 126099, 105142, 112522, 104997, 134224, 104205, 119987, 108858]
# 2-50-0.3-0.6
[82969, 139964, 73629, 98790, 80813, 130295, 124273, 127256, 150763, 115114, 92877, 77660, 129302, 69073, 116451, 122081, 144976, 65634, 156562, 123735, 100266, 159931, 95342, 142841, 78757, 106964, 69367, 68283, 68693, 150495, 136322, 66564, 115323, 155336, 93748, 120685, 160496, 69164, 134515, 94415, 122752, 130345, 137822, 95908, 110669, 95618, 154073, 94034, 125599, 103340]
# 2-50-0.6-0.3
[49653, 78151, 44983, 57564, 48575, 73316, 70305, 71797, 83550, 65726, 54607, 46999, 72820, 42705, 66394, 69209, 80657, 40986, 86450, 70036, 58302, 88134, 55840, 79589, 47547, 61651, 42852, 42310, 42515, 83416, 76330, 41451, 65830, 85837, 55043, 68511, 88417, 42751, 75426, 55376, 69545, 73341, 77080, 56123, 63503, 55978, 85205, 55186, 70968, 59839]
# 2-50-0.6-0.6
[33950, 90945, 24610, 49771, 31794, 81276, 75254, 78237, 101744, 66095, 43858, 28641, 80283, 20054, 67432, 73062, 95957, 16615, 107543, 74716, 51247, 110912, 46323, 93822, 29738, 57945, 20348, 19264, 19674, 101476, 87303, 17545, 66304, 106317, 44729, 71666, 111477, 20145, 85496, 45396, 73733, 81326, 88803, 46889, 61650, 46599, 105054, 45015, 76580, 54321]
# 3-50-0.3-0.3
[83620, 112118, 78950, 91531, 82542, 107283, 104272, 105764, 99693, 88574, 80966, 106787, 76672, 100361, 103176, 114624, 74953, 104003, 92269, 89807, 113556, 81514, 95618, 76819, 76277, 76482, 110297, 75418, 99797, 89010, 102478, 76718, 109393, 89343, 103512, 107308, 111047, 90090, 97470, 89945, 89153, 104935, 93806, 76223, 102089, 111282, 81368, 86998, 94239, 82737]
# 3-50-0.3-0.6
[72022, 129017, 62682, 87843, 69866, 119348, 113326, 116309, 104167, 81930, 66713, 118355, 58126, 105504, 111134, 134029, 54687, 112788, 89319, 84395, 131894, 67810, 96017, 58420, 57336, 57746, 125375, 55617, 104376, 82801, 109738, 58217, 123568, 83468, 111805, 119398, 126875, 84961, 99722, 84671, 83087, 114652, 92393, 57227, 108960, 127346, 67518, 78778, 93259, 70256]
# 3-50-0.6-0.3
[42811, 71309, 38141, 50722, 41733, 66474, 63463, 64955, 58884, 47765, 40157, 65978, 35863, 59552, 62367, 73815, 34144, 63194, 51460, 48998, 72747, 40705, 54809, 36010, 35468, 35673, 69488, 34609, 58988, 48201, 61669, 35909, 68584, 48534, 62703, 66499, 70238, 49281, 56661, 49136, 48344, 64126, 52997, 35414, 61280, 70473, 40559, 46189, 53430, 41928]
# 3-50-0.6-0.6
[31213, 88208, 21873, 47034, 29057, 78539, 72517, 75500, 63358, 41121, 25904, 77546, 17317, 64695, 70325, 93220, 13878, 71979, 48510, 43586, 91085, 27001, 55208, 17611, 16527, 16937, 84566, 14808, 63567, 41992, 68929, 17408, 82759, 42659, 70996, 78589, 86066, 44152, 58913, 43862, 42278, 73843, 51584, 16418, 68151, 86537, 26709, 37969, 52450, 29447]
# 4-50-0.3-0.3
[80807, 109305, 76137, 88718, 79729, 104470, 101459, 102951, 96880, 85761, 78153, 103974, 73859, 97548, 100363, 72140, 101190, 89456, 86994, 110743, 78701, 92805, 74006, 73464, 73669, 107484, 72605, 96984, 86197, 99665, 73905, 106580, 86530, 100699, 104495, 108234, 87277, 94657, 87132, 86340, 102122, 90993, 73410, 99276, 108469, 78555, 84185, 91426, 79924, 93805]
# 4-50-0.3-0.6
[69976, 126971, 60636, 85797, 67820, 117302, 111280, 114263, 102121, 79884, 64667, 116309, 56080, 103458, 109088, 52641, 110742, 87273, 82349, 129848, 65764, 93971, 56374, 55290, 55700, 123329, 53571, 102330, 80755, 107692, 56171, 121522, 81422, 109759, 117352, 124829, 82915, 97676, 82625, 81041, 112606, 90347, 55181, 106914, 125300, 65472, 76732, 91213, 68210, 95972]
# 4-50-0.6-0.3
[41533, 70031, 36863, 49444, 40455, 65196, 62185, 63677, 57606, 46487, 38879, 64700, 34585, 58274, 61089, 32866, 61916, 50182, 47720, 71469, 39427, 53531, 34732, 34190, 34395, 68210, 33331, 57710, 46923, 60391, 34631, 67306, 47256, 61425, 65221, 68960, 48003, 55383, 47858, 47066, 62848, 51719, 34136, 60002, 69195, 39281, 44911, 52152, 40650, 54531]
# 4-50-0.6-0.6
[30702, 87697, 21362, 46523, 28546, 78028, 72006, 74989, 62847, 40610, 25393, 77035, 16806, 64184, 69814, 13367, 71468, 47999, 43075, 90574, 26490, 54697, 17100, 16016, 16426, 84055, 14297, 63056, 41481, 68418, 16897, 82248, 42148, 70485, 78078, 85555, 43641, 58402, 43351, 41767, 73332, 51073, 15907, 67640, 86026, 26198, 37458, 51939, 28936, 56698]
# 5-50-0.3-0.3
[75695, 71025, 83606, 74617, 99358, 96347, 97839, 91768, 80649, 73041, 98862, 68747, 92436, 95251, 67028, 96078, 84344, 81882, 73589, 87693, 68894, 68352, 68557, 102372, 67493, 91872, 81085, 94553, 68793, 101468, 81418, 95587, 99383, 103122, 82165, 89545, 82020, 81228, 97010, 85881, 68298, 94164, 103357, 73443, 79073, 86314, 74812, 88693, 99710, 94553]
# 5-50-0.3-0.6
[66258, 56918, 82079, 64102, 113584, 107562, 110545, 98403, 76166, 60949, 112591, 52362, 99740, 105370, 48923, 107024, 83555, 78631, 62046, 90253, 52656, 51572, 51982, 119611, 49853, 98612, 77037, 103974, 52453, 117804, 77704, 106041, 113634, 121111, 79197, 93958, 78907, 77323, 108888, 86629, 51463, 103196, 121582, 61754, 73014, 87495, 64492, 92254, 114287, 103973]
# 5-50-0.6-0.3
[39209, 34539, 47120, 38131, 62872, 59861, 61353, 55282, 44163, 36555, 62376, 32261, 55950, 58765, 30542, 59592, 47858, 45396, 37103, 51207, 32408, 31866, 32071, 65886, 31007, 55386, 44599, 58067, 32307, 64982, 44932, 59101, 62897, 66636, 45679, 53059, 45534, 44742, 60524, 49395, 31812, 57678, 66871, 36957, 42587, 49828, 38326, 52207, 63224, 58067]
# 5-50-0.6-0.6
[29772, 20432, 45593, 27616, 77098, 71076, 74059, 61917, 39680, 24463, 76105, 15876, 63254, 68884, 12437, 70538, 47069, 42145, 25560, 53767, 16170, 15086, 15496, 83125, 13367, 62126, 40551, 67488, 15967, 81318, 41218, 69555, 77148, 84625, 42711, 57472, 42421, 40837, 72402, 50143, 14977, 66710, 85096, 25268, 36528, 51009, 28006, 55768, 77801, 67487]
# 2-100-0.3-0.3
[187261, 244256, 177921, 203082, 185105, 234587, 228565, 231548, 255055, 219406, 197169, 181952, 233594, 173365, 220743, 226373, 249268, 169926, 260854, 228027, 204558, 199634, 247133, 183049, 211256, 173659, 172575, 172985, 254787, 240614, 170856, 219615, 259628, 198040, 224977, 173456, 238807, 198707, 227044, 234637, 242114, 200200, 214961, 199910, 258365, 198326, 229891, 207632, 172466, 224199, 242585, 253836, 182757, 194017, 252140, 208498, 185495, 213257, 235290, 224976, 236197, 257508, 194533, 209413, 206895, 246665, 235102, 235878, 221207, 246851, 174175, 232594, 201466, 222640, 223954, 256779, 192326, 217769, 241582, 261798, 258056, 218763, 180983, 227185, 256650, 236290, 183796, 191106, 237930, 221194, 218215, 233835, 173526, 231164, 175349, 210089, 261843, 250234, 247399, 245432]
# 2-100-0.3-0.6
[158604, 272595, 139925, 190246, 154293, 253257, 241213, 247178, 294193, 222895, 178420, 147986, 251270, 130813, 225568, 236829, 282618, 123934, 305790, 240137, 193198, 183350, 278349, 150180, 206594, 131400, 129233, 130052, 293656, 265310, 125795, 223312, 303339, 180162, 234037, 130994, 261696, 181497, 238171, 253356, 268310, 184483, 214005, 183902, 300813, 180734, 243864, 199346, 129015, 232481, 269253, 291755, 149596, 172116, 288363, 201078, 155072, 210596, 254663, 234034, 256477, 299098, 173149, 202908, 197872, 277412, 254286, 255839, 226497, 277785, 132432, 249270, 187014, 229363, 231991, 297640, 168734, 219621, 267246, 307679, 300194, 221608, 146048, 238453, 297382, 256662, 151675, 166294, 259942, 226471, 220512, 251752, 131134, 246411, 134781, 204261, 307769, 284550, 278881, 274947]
# 2-100-0.6-0.3
[94725, 151720, 85385, 110546, 92569, 142051, 136029, 139012, 162519, 126870, 104633, 89416, 141058, 80829, 128207, 133837, 156732, 77390, 168318, 135491, 112022, 107098, 154597, 90513, 118720, 81123, 80039, 80449, 162251, 148078, 78320, 127079, 167092, 105504, 132441, 80920, 146271, 106171, 134508, 142101, 149578, 107664, 122425, 107374, 165829, 105790, 137355, 115096, 79930, 131663, 150049, 161300, 90221, 101481, 159604, 115962, 92959, 120721, 142754, 132440, 143661, 164972, 101997, 116877, 114359, 154129, 142566, 143342, 128671, 154315, 81639, 140058, 108930, 130104, 131418, 164243, 99790, 125233, 149046, 169262, 165520, 126227, 88447, 134649, 164114, 143754, 91260, 98570, 145394, 128658, 125679, 141299, 80990, 138628, 82813, 117553, 169307, 157698, 154863, 152896]
# 2-100-0.6-0.6
[66067, 180058, 47388, 97709, 61756, 160720, 148676, 154641, 201656, 130358, 85883, 55449, 158733, 38276, 133031, 144292, 190081, 31397, 213253, 147600, 100661, 90813, 185812, 57643, 114057, 38863, 36696, 37515, 201119, 172773, 33258, 130775, 210802, 87625, 141500, 38457, 169159, 88960, 145634, 160819, 175773, 91946, 121468, 91365, 208276, 88197, 151327, 106809, 36478, 139944, 176716, 199218, 57059, 79579, 195826, 108541, 62535, 118059, 162126, 141497, 163940, 206561, 80612, 110371, 105335, 184875, 161749, 163302, 133960, 185248, 39895, 156733, 94477, 136826, 139454, 205103, 76197, 127084, 174709, 215142, 207657, 129071, 53511, 145916, 204845, 164125, 59138, 73757, 167405, 133934, 127975, 159215, 38597, 153874, 42244, 111724, 215232, 192013, 186344, 182410]
# 3-100-0.3-0.3
[156414, 213409, 147074, 172235, 154258, 203740, 197718, 200701, 188559, 166322, 151105, 202747, 142518, 189896, 195526, 139079, 197180, 173711, 168787, 152202, 180409, 142812, 141728, 142138, 209767, 140009, 188768, 167193, 194130, 142609, 207960, 167860, 196197, 203790, 211267, 169353, 184114, 169063, 167479, 199044, 176785, 141619, 193352, 211738, 151910, 163170, 177651, 154648, 182410, 204443, 194129, 205350, 163686, 178566, 176048, 204255, 205031, 190360, 143328, 201747, 170619, 191793, 193107, 161479, 186922, 210735, 187916, 150136, 196338, 205443, 152949, 160259, 207083, 190347, 187368, 202988, 142679, 200317, 144502, 179242, 190392, 161131, 160900, 204632, 168548, 140415, 164954, 209531, 210674, 169234, 191815, 206144, 183868, 185107, 198982, 174097, 210629, 139551, 189093, 205977]
# 3-100-0.3-0.6
[136170, 250161, 117491, 167812, 131859, 230823, 218779, 224744, 200461, 155986, 125552, 228836, 108379, 203134, 214395, 101500, 217703, 170764, 160916, 127746, 184160, 108966, 106799, 107618, 242876, 103361, 200878, 157728, 211603, 108560, 239262, 159063, 215737, 230922, 245876, 162049, 191571, 161468, 158300, 221430, 176912, 106581, 210047, 246819, 127162, 149682, 178644, 132638, 188162, 232229, 211600, 234043, 150715, 180474, 175438, 231852, 233405, 204063, 109998, 226836, 164580, 206929, 209557, 146300, 197187, 244812, 199174, 123614, 216019, 234228, 129241, 143860, 237508, 204037, 198078, 229318, 108700, 223977, 112347, 181827, 204127, 145604, 145143, 232606, 160438, 104172, 153250, 242405, 244691, 161811, 206973, 235630, 191079, 193556, 221306, 171537, 244601, 102444, 201529, 235296]
# 3-100-0.6-0.3
[80703, 137698, 71363, 96524, 78547, 128029, 122007, 124990, 112848, 90611, 75394, 127036, 66807, 114185, 119815, 63368, 121469, 98000, 93076, 76491, 104698, 67101, 66017, 66427, 134056, 64298, 113057, 91482, 118419, 66898, 132249, 92149, 120486, 128079, 135556, 93642, 108403, 93352, 91768, 123333, 101074, 65908, 117641, 136027, 76199, 87459, 101940, 78937, 106699, 128732, 118418, 129639, 87975, 102855, 100337, 128544, 129320, 114649, 67617, 126036, 94908, 116082, 117396, 85768, 111211, 135024, 112205, 74425, 120627, 129732, 77238, 84548, 131372, 114636, 111657, 127277, 66968, 124606, 68791, 103531, 114681, 85420, 85189, 128921, 92837, 64704, 89243, 133820, 134963, 93523, 116104, 130433, 108157, 109396, 123271, 98386, 134918, 63840, 113382, 130266]
# 3-100-0.6-0.6
[60459, 174450, 41780, 92101, 56148, 155112, 143068, 149033, 124750, 80275, 49841, 153125, 32668, 127423, 138684, 25789, 141992, 95053, 85205, 52035, 108449, 33255, 31088, 31907, 167165, 27650, 125167, 82017, 135892, 32849, 163551, 83352, 140026, 155211, 170165, 86338, 115860, 85757, 82589, 145719, 101201, 30870, 134336, 171108, 51451, 73971, 102933, 56927, 112451, 156518, 135889, 158332, 75004, 104763, 99727, 156141, 157694, 128352, 34287, 151125, 88869, 131218, 133846, 70589, 121476, 169101, 123463, 47903, 140308, 158517, 53530, 68149, 161797, 128326, 122367, 153607, 32989, 148266, 36636, 106116, 128416, 69893, 69432, 156895, 84727, 28461, 77539, 166694, 168980, 86100, 131262, 159919, 115368, 117845, 145595, 95826, 168890, 26733, 125818, 159585]
# 4-100-0.3-0.3
[144033, 134693, 159854, 141877, 191359, 185337, 188320, 176178, 153941, 138724, 190366, 130137, 177515, 183145, 126698, 184799, 161330, 156406, 139821, 168028, 130431, 129347, 129757, 127628, 176387, 154812, 181749, 130228, 155479, 183816, 191409, 156972, 171733, 156682, 155098, 186663, 164404, 129238, 180971, 139529, 150789, 165270, 142267, 170029, 192062, 181748, 192969, 151305, 166185, 163667, 191874, 192650, 177979, 130947, 189366, 158238, 179412, 180726, 149098, 174541, 175535, 137755, 183957, 193062, 140568, 147878, 194702, 177966, 174987, 190607, 130298, 187936, 132121, 166861, 178011, 148750, 148519, 192251, 156167, 128034, 152573, 156853, 179434, 193763, 171487, 172726, 186601, 161716, 127170, 176712, 193596, 143362, 194406, 153355, 182270, 133778, 189480, 174228, 152615, 192576]
# 4-100-0.3-0.6
[127165, 108486, 158807, 122854, 221818, 209774, 215739, 191456, 146981, 116547, 219831, 99374, 194129, 205390, 92495, 208698, 161759, 151911, 118741, 175155, 99961, 97794, 98613, 94356, 191873, 148723, 202598, 99555, 150058, 206732, 221917, 153044, 182566, 152463, 149295, 212425, 167907, 97576, 201042, 118157, 140677, 169639, 123633, 179157, 223224, 202595, 225038, 141710, 171469, 166433, 222847, 224400, 195058, 100993, 217831, 155575, 197924, 200552, 137295, 188182, 190169, 114609, 207014, 225223, 120236, 134855, 228503, 195032, 189073, 220313, 99695, 214972, 103342, 172822, 195122, 136599, 136138, 223601, 151433, 95167, 144245, 152806, 197968, 226625, 182074, 184551, 212301, 162532, 93439, 192524, 226291, 125824, 227911, 145809, 203640, 106655, 218060, 187556, 144329, 224252]
# 4-100-0.6-0.3
[75075, 65735, 90896, 72919, 122401, 116379, 119362, 107220, 84983, 69766, 121408, 61179, 108557, 114187, 57740, 115841, 92372, 87448, 70863, 99070, 61473, 60389, 60799, 58670, 107429, 85854, 112791, 61270, 86521, 114858, 122451, 88014, 102775, 87724, 86140, 117705, 95446, 60280, 112013, 70571, 81831, 96312, 73309, 101071, 123104, 112790, 124011, 82347, 97227, 94709, 122916, 123692, 109021, 61989, 120408, 89280, 110454, 111768, 80140, 105583, 106577, 68797, 114999, 124104, 71610, 78920, 125744, 109008, 106029, 121649, 61340, 118978, 63163, 97903, 109053, 79792, 79561, 123293, 87209, 59076, 83615, 87895, 110476, 124805, 102529, 103768, 117643, 92758, 58212, 107754, 124638, 74404, 125448, 84397, 113312, 64820, 120522, 105270, 83657, 123618]
# 4-100-0.6-0.6
[58207, 39528, 89849, 53896, 152860, 140816, 146781, 122498, 78023, 47589, 150873, 30416, 125171, 136432, 23537, 139740, 92801, 82953, 49783, 106197, 31003, 28836, 29655, 25398, 122915, 79765, 133640, 30597, 81100, 137774, 152959, 84086, 113608, 83505, 80337, 143467, 98949, 28618, 132084, 49199, 71719, 100681, 54675, 110199, 154266, 133637, 156080, 72752, 102511, 97475, 153889, 155442, 126100, 32035, 148873, 86617, 128966, 131594, 68337, 119224, 121211, 45651, 138056, 156265, 51278, 65897, 159545, 126074, 120115, 151355, 30737, 146014, 34384, 103864, 126164, 67641, 67180, 154643, 82475, 26209, 75287, 83848, 129010, 157667, 113116, 115593, 143343, 93574, 24481, 123566, 157333, 56866, 158953, 76851, 134682, 37697, 149102, 118598, 75371, 155294]
# 5-100-0.3-0.3
[94989, 123487, 90319, 102900, 93911, 118652, 115641, 117133, 128886, 111062, 99943, 92335, 118156, 88041, 111730, 114545, 125993, 86322, 131786, 115372, 103638, 101176, 124925, 92883, 106987, 88188, 87646, 87851, 128752, 121666, 86787, 111166, 131173, 100379, 113847, 88087, 120762, 100712, 114881, 118677, 122416, 101459, 108839, 101314, 130541, 100522, 116304, 105175, 87592, 113458, 122651, 128277, 92737, 98367, 127429, 105608, 94106, 107987, 132792, 119004, 113847, 119457, 130113, 98625, 106065, 104806, 124691, 118910, 119298, 111962, 124784, 88446, 117656, 102092, 112679, 113336, 129748, 97522, 110243, 122150, 132258, 130387, 110740, 91850, 114951, 129684, 119504, 93257, 96912, 120324, 111956, 110466, 118276, 88122, 116941, 89033, 106403, 132280, 126476, 125058]
# 5-100-0.3-0.6
[80290, 137285, 70950, 96111, 78134, 127616, 121594, 124577, 148084, 112435, 90198, 74981, 126623, 66394, 113772, 119402, 142297, 62955, 153883, 121056, 97587, 92663, 140162, 76078, 104285, 66688, 65604, 66014, 147816, 133643, 63885, 112644, 152657, 91069, 118006, 66485, 131836, 91736, 120073, 127666, 135143, 93229, 107990, 92939, 151394, 91355, 122920, 100661, 65495, 117228, 135614, 146865, 75786, 87046, 145169, 101527, 78524, 106286, 155896, 128319, 118005, 129226, 150537, 87562, 102442, 99924, 139694, 128131, 128907, 114236, 139880, 67204, 125623, 94495, 115669, 116983, 149808, 85355, 110798, 134611, 154827, 151085, 111792, 74012, 120214, 149679, 129319, 76825, 84135, 130959, 114223, 111244, 126864, 66555, 124193, 68378, 103118, 154872, 143263, 140428]
# 5-100-0.6-0.3
[47979, 76477, 43309, 55890, 46901, 71642, 68631, 70123, 81876, 64052, 52933, 45325, 71146, 41031, 64720, 67535, 78983, 39312, 84776, 68362, 56628, 54166, 77915, 45873, 59977, 41178, 40636, 40841, 81742, 74656, 39777, 64156, 84163, 53369, 66837, 41077, 73752, 53702, 67871, 71667, 75406, 54449, 61829, 54304, 83531, 53512, 69294, 58165, 40582, 66448, 75641, 81267, 45727, 51357, 80419, 58598, 47096, 60977, 85782, 71994, 66837, 72447, 83103, 51615, 59055, 57796, 77681, 71900, 72288, 64952, 77774, 41436, 70646, 55082, 65669, 66326, 82738, 50512, 63233, 75140, 85248, 83377, 63730, 44840, 67941, 82674, 72494, 46247, 49902, 73314, 64946, 63456, 71266, 41112, 69931, 42023, 59393, 85270, 79466, 78048]
# 5-100-0.6-0.6
[33280, 90275, 23940, 49101, 31124, 80606, 74584, 77567, 101074, 65425, 43188, 27971, 79613, 19384, 66762, 72392, 95287, 15945, 106873, 74046, 50577, 45653, 93152, 29068, 57275, 19678, 18594, 19004, 100806, 86633, 16875, 65634, 105647, 44059, 70996, 19475, 84826, 44726, 73063, 80656, 88133, 46219, 60980, 45929, 104384, 44345, 75910, 53651, 18485, 70218, 88604, 99855, 28776, 40036, 98159, 54517, 31514, 59276, 108886, 81309, 70995, 82216, 103527, 40552, 55432, 52914, 92684, 81121, 81897, 67226, 92870, 20194, 78613, 47485, 68659, 69973, 102798, 38345, 63788, 87601, 107817, 104075, 64782, 27002, 73204, 102669, 82309, 29815, 37125, 83949, 67213, 64234, 79854, 19545, 77183, 21368, 56108, 107862, 96253, 93418]
# 2-200-0.3-0.3
[391860, 505851, 373181, 423502, 387549, 486513, 474469, 480434, 527449, 456151, 411676, 381242, 484526, 364069, 458824, 470085, 515874, 357190, 539046, 473393, 426454, 545785, 416606, 511605, 383436, 439850, 364656, 362489, 363308, 526912, 498566, 359051, 456568, 536595, 413418, 467293, 546915, 364250, 494952, 414753, 471427, 486612, 501566, 417739, 447261, 417158, 534069, 413990, 477120, 432602, 362271, 465737, 502509, 525011, 382852, 405372, 521619, 546335, 434334, 388328, 443852, 545770, 543072, 487919, 467290, 489733, 532354, 406405, 436164, 431128, 510668, 487542, 489095, 459753, 511041, 365688, 482526, 420270, 462619, 465247, 530896, 401990, 452877, 500502, 540935, 533450, 550156, 454864, 379304, 471709, 530638, 489918, 384931, 399550, 493198, 459727, 453768, 485008, 548728, 364390, 479667, 368037, 437517, 541025, 517806, 512137, 508203, 459817, 526286, 401294, 400833, 488296, 416128, 359862, 408940, 498095, 500381, 417501, 462663, 491320, 446769, 508103, 449246, 476996, 427227, 529447, 500291, 516269, 547845, 358134, 457219, 550756, 490986, 390519, 492606, 503794, 410504, 468335, 371350, 482755, 452251, 506059, 501970, 409024, 488947, 465008, 483758, 450168, 465276, 447360, 357053, 497796, 498224, 520082, 517188, 443443, 476738, 513886, 363971, 416827, 523196, 403092, 501015, 509850, 404029, 380650, 501086, 423561, 365146, 533090, 375106, 378457, 361013, 475388, 360454, 430352, 422058, 427060, 385339, 520426, 405032, 446926, 432734, 374861, 400539, 398482, 423541, 494887, 400716, 528776, 428180, 526560, 543177, 433837, 475835, 540827, 441048, 486790, 480834, 386572]
# 2-200-0.3-0.6
[329818, 557799, 292459, 393102, 321196, 519123, 495035, 506965, 600995, 458400, 369449, 308582, 515150, 274235, 463745, 486267, 577845, 260477, 624189, 492884, 399006, 637667, 379310, 569307, 312969, 425797, 275410, 271076, 272713, 599922, 543229, 264199, 459233, 619288, 372933, 480683, 639928, 274598, 536002, 375603, 488952, 519321, 549230, 381576, 440619, 380413, 614236, 374077, 500337, 411302, 270639, 477571, 551115, 596120, 311801, 356841, 589335, 638768, 414766, 322754, 433801, 637638, 632242, 521936, 480678, 525563, 610806, 358908, 418425, 408354, 567434, 521182, 524287, 465603, 568179, 277474, 511150, 386638, 471336, 476592, 607890, 350078, 451851, 547101, 627968, 612997, 646410, 455825, 304706, 489515, 607373, 525934, 315960, 345198, 532494, 465551, 453633, 516113, 643553, 274878, 505431, 282172, 421131, 628147, 581710, 570372, 562503, 465732, 598669, 348685, 347764, 522690, 378353, 265822, 363977, 542287, 546860, 381100, 471423, 528737, 439636, 562303, 444590, 500090, 400552, 604991, 546680, 578635, 641788, 262366, 460536, 647610, 528070, 327136, 531309, 553686, 367106, 482767, 288797, 511608, 450599, 558216, 550038, 364146, 523991, 476113, 513613, 446433, 476650, 440817, 260203, 541690, 542545, 586261, 580474, 432984, 499573, 573869, 274039, 379752, 592490, 352282, 548127, 565798, 354155, 307398, 548270, 393220, 276390, 612278, 296310, 303011, 268123, 496874, 267006, 406801, 390213, 400218, 316776, 586949, 356161, 439949, 411565, 295819, 347175, 343062, 393179, 535872, 347529, 603650, 402458, 599217, 632451, 413772, 497767, 627751, 428194, 519678, 507765, 319241]
# 2-200-0.6-0.3
[197330, 311321, 178651, 228972, 193019, 291983, 279939, 285904, 332919, 261621, 217146, 186712, 289996, 169539, 264294, 275555, 321344, 162660, 344516, 278863, 231924, 351255, 222076, 317075, 188906, 245320, 170126, 167959, 168778, 332382, 304036, 164521, 262038, 342065, 218888, 272763, 352385, 169720, 300422, 220223, 276897, 292082, 307036, 223209, 252731, 222628, 339539, 219460, 282590, 238072, 167741, 271207, 307979, 330481, 188322, 210842, 327089, 351805, 239804, 193798, 249322, 351240, 348542, 293389, 272760, 295203, 337824, 211875, 241634, 236598, 316138, 293012, 294565, 265223, 316511, 171158, 287996, 225740, 268089, 270717, 336366, 207460, 258347, 305972, 346405, 338920, 355626, 260334, 184774, 277179, 336108, 295388, 190401, 205020, 298668, 265197, 259238, 290478, 354198, 169860, 285137, 173507, 242987, 346495, 323276, 317607, 313673, 265287, 331756, 206764, 206303, 293766, 221598, 165332, 214410, 303565, 305851, 222971, 268133, 296790, 252239, 313573, 254716, 282466, 232697, 334917, 305761, 321739, 353315, 163604, 262689, 356226, 296456, 195989, 298076, 309264, 215974, 273805, 176820, 288225, 257721, 311529, 307440, 214494, 294417, 270478, 289228, 255638, 270746, 252830, 162523, 303266, 303694, 325552, 322658, 248913, 282208, 319356, 169441, 222297, 328666, 208562, 306485, 315320, 209499, 186120, 306556, 229031, 170616, 338560, 180576, 183927, 166483, 280858, 165924, 235822, 227528, 232530, 190809, 325896, 210502, 252396, 238204, 180331, 206009, 203952, 229011, 300357, 206186, 334246, 233650, 332030, 348647, 239307, 281305, 346297, 246518, 292260, 286304, 192042]
# 2-200-0.6-0.6
[135288, 363269, 97929, 198572, 126666, 324593, 300505, 312435, 406465, 263870, 174919, 114052, 320620, 79705, 269215, 291737, 383315, 65947, 429659, 298354, 204476, 443137, 184780, 374777, 118439, 231267, 80880, 76546, 78183, 405392, 348699, 69669, 264703, 424758, 178403, 286153, 445398, 80068, 341472, 181073, 294422, 324791, 354700, 187046, 246089, 185883, 419706, 179547, 305807, 216772, 76109, 283041, 356585, 401590, 117271, 162311, 394805, 444238, 220236, 128224, 239271, 443108, 437712, 327406, 286148, 331033, 416276, 164378, 223895, 213824, 372904, 326652, 329757, 271073, 373649, 82944, 316620, 192108, 276806, 282062, 413360, 155548, 257321, 352571, 433438, 418467, 451880, 261295, 110176, 294985, 412843, 331404, 121430, 150668, 337964, 271021, 259103, 321583, 449023, 80348, 310901, 87642, 226601, 433617, 387180, 375842, 367973, 271202, 404139, 154155, 153234, 328160, 183823, 71292, 169447, 347757, 352330, 186570, 276893, 334207, 245106, 367773, 250060, 305560, 206022, 410461, 352150, 384105, 447258, 67836, 266006, 453080, 333540, 132606, 336779, 359156, 172576, 288237, 94267, 317078, 256069, 363686, 355508, 169616, 329461, 281583, 319083, 251903, 282120, 246287, 65673, 347160, 348015, 391731, 385944, 238454, 305043, 379339, 79509, 185222, 397960, 157752, 353597, 371268, 159625, 112868, 353740, 198690, 81860, 417748, 101780, 108481, 73593, 302344, 72476, 212271, 195683, 205688, 122246, 392419, 161631, 245419, 217035, 101289, 152645, 148532, 198649, 341342, 152999, 409120, 207928, 404687, 437921, 219242, 303237, 433221, 233664, 325148, 313235, 124711]
# 3-200-0.3-0.3
[255993, 312988, 349456, 343536, 338491, 246653, 271814, 253837, 303319, 338122, 297297, 300280, 323787, 288138, 341761, 265901, 250684, 302326, 242097, 355470, 347927, 289475, 295105, 318000, 338295, 338934, 238658, 329586, 296759, 273290, 332955, 343478, 268366, 315865, 362280, 251781, 356533, 279988, 242391, 241307, 241717, 323519, 309346, 239588, 361478, 353887, 288347, 328360, 266772, 365396, 293709, 333520, 242188, 307539, 267439, 338481, 295776, 361480, 303369, 310846, 268932, 283693, 268642, 327097, 267058, 338120, 298623, 363194, 276364, 359821, 241198, 292931, 348165, 358479, 311317, 359255, 322568, 251489, 262749, 320872, 333230, 351096, 277230, 254227, 335787, 281989, 355766, 332948, 365948, 331599, 304022, 361123, 365156, 293708, 304929, 347176, 357681, 326240, 263265, 278145, 275627, 315397, 365974, 354050, 303834, 349294, 361709, 304610, 289939, 315583, 350224, 242907, 301326, 270198, 335864, 342899, 291372, 292686, 325511, 261058, 286501, 310314, 354083, 330530, 340072, 326788, 335141, 287495, 249715, 295917, 325382, 305022, 252528, 340414, 259838, 306662, 348476, 289926, 286947, 302567, 334427, 242258, 299896, 244081, 278821, 330575, 349570, 367250, 318966, 316131, 314164, 289971, 323206, 260710, 260479, 304211, 268127, 367104, 239994, 339376, 264533, 309110, 358979, 351141, 310253, 268813, 291394, 305723, 283447, 363223, 349460, 314114, 284686, 298561, 357625, 273676, 324786, 310208, 318197, 363833, 333985, 239130, 288672, 341097, 350704, 345924, 363509, 354535, 361387, 335441, 305556, 344437, 255322, 306366, 340277, 311960, 265315, 294230, 362863, 245738]
# 3-200-0.3-0.6
[208590, 322581, 395517, 383676, 373586, 189911, 240232, 204279, 303243, 372849, 291199, 297164, 344179, 272881, 380127, 228406, 197972, 301256, 180799, 407545, 392458, 275554, 286815, 332604, 373195, 374473, 173920, 355776, 290123, 243184, 362515, 383561, 233336, 328335, 421165, 200166, 409671, 256580, 181386, 179219, 180038, 343642, 315296, 175781, 419560, 404378, 273298, 353325, 230148, 427396, 284023, 363645, 180980, 311682, 231483, 373567, 288157, 419564, 303342, 318296, 234469, 263991, 233888, 350799, 230720, 372845, 293850, 422993, 249332, 416246, 179001, 282467, 392934, 413562, 319239, 415114, 341741, 199582, 222102, 338349, 363065, 398797, 251064, 205058, 368179, 260582, 408137, 362500, 428500, 359802, 304649, 418850, 426916, 284020, 306463, 390956, 411967, 349084, 223135, 252894, 247858, 327398, 428552, 404704, 304272, 395193, 420022, 305825, 276483, 327771, 397052, 182418, 299256, 237000, 368332, 382402, 279349, 281977, 347626, 218720, 269607, 317232, 404770, 357665, 376749, 350180, 366886, 271594, 196034, 288439, 347368, 306648, 201661, 377432, 216280, 309928, 393556, 276457, 270498, 301738, 365458, 181120, 296397, 184767, 254247, 357755, 395745, 431104, 334536, 328867, 324933, 276547, 343016, 218024, 217563, 305026, 232858, 430813, 176592, 375356, 225670, 314825, 414563, 398887, 317111, 234231, 279393, 308050, 263499, 423051, 395524, 324833, 265976, 293726, 411854, 243957, 346177, 317021, 332999, 424270, 364575, 174864, 273949, 378798, 398012, 388453, 423622, 405674, 419379, 367486, 307716, 385479, 207249, 309336, 377158, 320524, 227234, 285065, 422331, 188080]
# 3-200-0.6-0.3
[125966, 182961, 219429, 213509, 208464, 116626, 141787, 123810, 173292, 208095, 167270, 170253, 193760, 158111, 211734, 135874, 120657, 172299, 112070, 225443, 217900, 159448, 165078, 187973, 208268, 208907, 108631, 199559, 166732, 143263, 202928, 213451, 138339, 185838, 232253, 121754, 226506, 149961, 112364, 111280, 111690, 193492, 179319, 109561, 231451, 223860, 158320, 198333, 136745, 235369, 163682, 203493, 112161, 177512, 137412, 208454, 165749, 231453, 173342, 180819, 138905, 153666, 138615, 197070, 137031, 208093, 168596, 233167, 146337, 229794, 111171, 162904, 218138, 228452, 181290, 229228, 192541, 121462, 132722, 190845, 203203, 221069, 147203, 124200, 205760, 151962, 225739, 202921, 235921, 201572, 173995, 231096, 235129, 163681, 174902, 217149, 227654, 196213, 133238, 148118, 145600, 185370, 235947, 224023, 173807, 219267, 231682, 174583, 159912, 185556, 220197, 112880, 171299, 140171, 205837, 212872, 161345, 162659, 195484, 131031, 156474, 180287, 224056, 200503, 210045, 196761, 205114, 157468, 119688, 165890, 195355, 174995, 122501, 210387, 129811, 176635, 218449, 159899, 156920, 172540, 204400, 112231, 169869, 114054, 148794, 200548, 219543, 237223, 188939, 186104, 184137, 159944, 193179, 130683, 130452, 174184, 138100, 237077, 109967, 209349, 134506, 179083, 228952, 221114, 180226, 138786, 161367, 175696, 153420, 233196, 219433, 184087, 154659, 168534, 227598, 143649, 194759, 180181, 188170, 233806, 203958, 109103, 158645, 211070, 220677, 215897, 233482, 224508, 231360, 205414, 175529, 214410, 125295, 176339, 210250, 181933, 135288, 164203, 232836, 115711]
# 3-200-0.6-0.6
[78564, 192555, 265491, 253650, 243560, 59885, 110206, 74253, 173217, 242823, 161173, 167138, 214153, 142855, 250101, 98380, 67946, 171230, 50773, 277519, 262432, 145528, 156789, 202578, 243169, 244447, 43894, 225750, 160097, 113158, 232489, 253535, 103310, 198309, 291139, 70140, 279645, 126554, 51360, 49193, 50012, 213616, 185270, 45755, 289534, 274352, 143272, 223299, 100122, 297370, 153997, 233619, 50954, 181656, 101457, 243541, 158131, 289538, 173316, 188270, 104443, 133965, 103862, 220773, 100694, 242819, 163824, 292967, 119306, 286220, 48975, 152441, 262908, 283536, 189213, 285088, 211715, 69556, 92076, 208323, 233039, 268771, 121038, 75032, 238153, 130556, 278111, 232474, 298474, 229776, 174623, 288824, 296890, 153994, 176437, 260930, 281941, 219058, 93109, 122868, 117832, 197372, 298526, 274678, 174246, 265167, 289996, 175799, 146457, 197745, 267026, 52392, 169230, 106974, 238306, 252376, 149323, 151951, 217600, 88694, 139581, 187206, 274744, 227639, 246723, 220154, 236860, 141568, 66008, 158413, 217342, 176622, 71635, 247406, 86254, 179902, 263530, 146431, 140472, 171712, 235432, 51094, 166371, 54741, 124221, 227729, 265719, 301078, 204510, 198841, 194907, 146521, 212990, 87998, 87537, 175000, 102832, 300787, 46566, 245330, 95644, 184799, 284537, 268861, 187085, 104205, 149367, 178024, 133473, 293025, 265498, 194807, 135950, 163700, 281828, 113931, 216151, 186995, 202973, 294244, 234549, 44838, 143923, 248772, 267986, 258427, 293596, 275648, 289353, 237460, 177690, 255453, 77223, 179310, 247132, 190498, 97208, 155039, 292305, 58054]
# 4-200-0.3-0.3
[231300, 288295, 324763, 318843, 313798, 221960, 247121, 229144, 278626, 313429, 272604, 275587, 299094, 263445, 317068, 241208, 225991, 277633, 217404, 323234, 264782, 270412, 293307, 313602, 314241, 213965, 304893, 272066, 248597, 308262, 318785, 243673, 291172, 227088, 255295, 217698, 216614, 217024, 298826, 284653, 214895, 329194, 263654, 303667, 242079, 269016, 308827, 217495, 282846, 242746, 313788, 271083, 278676, 286153, 244239, 259000, 243949, 302404, 242365, 313427, 273930, 251671, 216505, 268238, 323472, 286624, 297875, 226796, 238056, 296179, 308537, 326403, 252537, 229534, 311094, 257296, 308255, 306906, 279329, 269015, 280236, 322483, 301547, 238572, 253452, 250934, 290704, 329357, 279141, 324601, 279917, 265246, 290890, 325531, 218214, 276633, 245505, 311171, 318206, 266679, 267993, 300818, 236365, 261808, 285621, 329390, 305837, 315379, 302095, 310448, 262802, 225022, 271224, 300689, 280329, 227835, 315721, 235145, 281969, 323783, 265233, 262254, 277874, 309734, 217565, 275203, 219388, 254128, 305882, 324877, 294273, 291438, 289471, 265278, 298513, 236017, 235786, 279518, 243434, 215301, 314683, 239840, 284417, 326448, 285560, 244120, 266701, 281030, 258754, 324767, 289421, 259993, 273868, 248983, 300093, 285515, 293504, 309292, 214437, 263979, 316404, 326011, 321231, 329842, 310748, 280863, 319744, 230629, 281673, 315584, 287267, 240622, 269537, 221045, 276747, 327722, 261495, 288399, 286355, 239882, 279843, 267874, 277249, 320296, 260454, 268008, 259050, 213896, 284268, 284482, 295411, 316769, 293964, 257091, 273739, 292313, 217355, 319145, 243783, 296968]
# 4-200-0.3-0.6
[190632, 304623, 377559, 365718, 355628, 171953, 222274, 186321, 285285, 354891, 273241, 279206, 326221, 254923, 362169, 210448, 180014, 283298, 162841, 374500, 257596, 268857, 314646, 355237, 356515, 155962, 337818, 272165, 225226, 344557, 365603, 215378, 310377, 182208, 238622, 163428, 161261, 162080, 325684, 297338, 157823, 386420, 255340, 335367, 212190, 266065, 345687, 163022, 293724, 213525, 355609, 270199, 285384, 300338, 216511, 246033, 215930, 332841, 212762, 354887, 275892, 231374, 161043, 264509, 374976, 301281, 323783, 181624, 204144, 320391, 345107, 380839, 233106, 187100, 350221, 242624, 344542, 341844, 286691, 266062, 288505, 372998, 331126, 205177, 234936, 229900, 309440, 386746, 286314, 377235, 287867, 258525, 309813, 379094, 164460, 281298, 219042, 350374, 364444, 261391, 264019, 329668, 200762, 251649, 299274, 386812, 339707, 358791, 332222, 348928, 253636, 178076, 270481, 329410, 288690, 183703, 359474, 198322, 291970, 375598, 258499, 252540, 283780, 347500, 163162, 278439, 166809, 236289, 339797, 377787, 316578, 310909, 306975, 258589, 325058, 200066, 199605, 287068, 214900, 158634, 357398, 207712, 296867, 380929, 299153, 216273, 261435, 290092, 245541, 377566, 306875, 248018, 275768, 225999, 328219, 299063, 315041, 346617, 156906, 255991, 360840, 380054, 370495, 387716, 349528, 289758, 367521, 189291, 291378, 359200, 302566, 209276, 267107, 170122, 281527, 383477, 251023, 304831, 300742, 207796, 287719, 263780, 282530, 368625, 248940, 264048, 246132, 155825, 296568, 296996, 318854, 361571, 315960, 242215, 275510, 312658, 162743, 366323, 215599, 321968]
# 4-200-0.6-0.3
[114742, 171737, 208205, 202285, 197240, 105402, 130563, 112586, 162068, 196871, 156046, 159029, 182536, 146887, 200510, 124650, 109433, 161075, 100846, 206676, 148224, 153854, 176749, 197044, 197683, 97407, 188335, 155508, 132039, 191704, 202227, 127115, 174614, 110530, 138737, 101140, 100056, 100466, 182268, 168095, 98337, 212636, 147096, 187109, 125521, 152458, 192269, 100937, 166288, 126188, 197230, 154525, 162118, 169595, 127681, 142442, 127391, 185846, 125807, 196869, 157372, 135113, 99947, 151680, 206914, 170066, 181317, 110238, 121498, 179621, 191979, 209845, 135979, 112976, 194536, 140738, 191697, 190348, 162771, 152457, 163678, 205925, 184989, 122014, 136894, 134376, 174146, 212799, 162583, 208043, 163359, 148688, 174332, 208973, 101656, 160075, 128947, 194613, 201648, 150121, 151435, 184260, 119807, 145250, 169063, 212832, 189279, 198821, 185537, 193890, 146244, 108464, 154666, 184131, 163771, 111277, 199163, 118587, 165411, 207225, 148675, 145696, 161316, 193176, 101007, 158645, 102830, 137570, 189324, 208319, 177715, 174880, 172913, 148720, 181955, 119459, 119228, 162960, 126876, 98743, 198125, 123282, 167859, 209890, 169002, 127562, 150143, 164472, 142196, 208209, 172863, 143435, 157310, 132425, 183535, 168957, 176946, 192734, 97879, 147421, 199846, 209453, 204673, 213284, 194190, 164305, 203186, 114071, 165115, 199026, 170709, 124064, 152979, 104487, 160189, 211164, 144937, 171841, 169797, 123324, 163285, 151316, 160691, 203738, 143896, 151450, 142492, 97338, 167710, 167924, 178853, 200211, 177406, 140533, 157181, 175755, 100797, 202587, 127225, 180410]
# 4-200-0.6-0.6
[74074, 188065, 261001, 249160, 239070, 55395, 105716, 69763, 168727, 238333, 156683, 162648, 209663, 138365, 245611, 93890, 63456, 166740, 46283, 257942, 141038, 152299, 198088, 238679, 239957, 39404, 221260, 155607, 108668, 227999, 249045, 98820, 193819, 65650, 122064, 46870, 44703, 45522, 209126, 180780, 41265, 269862, 138782, 218809, 95632, 149507, 229129, 46464, 177166, 96967, 239051, 153641, 168826, 183780, 99953, 129475, 99372, 216283, 96204, 238329, 159334, 114816, 44485, 147951, 258418, 184723, 207225, 65066, 87586, 203833, 228549, 264281, 116548, 70542, 233663, 126066, 227984, 225286, 170133, 149504, 171947, 256440, 214568, 88619, 118378, 113342, 192882, 270188, 169756, 260677, 171309, 141967, 193255, 262536, 47902, 164740, 102484, 233816, 247886, 144833, 147461, 213110, 84204, 135091, 182716, 270254, 223149, 242233, 215664, 232370, 137078, 61518, 153923, 212852, 172132, 67145, 242916, 81764, 175412, 259040, 141941, 135982, 167222, 230942, 46604, 161881, 50251, 119731, 223239, 261229, 200020, 194351, 190417, 142031, 208500, 83508, 83047, 170510, 98342, 42076, 240840, 91154, 180309, 264371, 182595, 99715, 144877, 173534, 128983, 261008, 190317, 131460, 159210, 109441, 211661, 182505, 198483, 230059, 40348, 139433, 244282, 263496, 253937, 271158, 232970, 173200, 250963, 72733, 174820, 242642, 186008, 92718, 150549, 53564, 164969, 266919, 134465, 188273, 184184, 91238, 171161, 147222, 165972, 252067, 132382, 147490, 129574, 39267, 180010, 180438, 202296, 245013, 199402, 125657, 158952, 196100, 46185, 249765, 99041, 205410]
# 5-200-0.3-0.3
[176765, 233760, 167425, 192586, 174609, 224091, 218069, 221052, 244559, 208910, 186673, 171456, 223098, 162869, 210247, 215877, 238772, 159430, 217531, 194062, 189138, 236637, 172553, 200760, 163163, 162079, 162489, 244291, 230118, 160360, 209119, 187544, 214481, 162960, 228311, 188211, 216548, 224141, 231618, 189704, 204465, 189414, 187830, 219395, 197136, 161970, 213703, 232089, 243340, 172261, 183521, 241644, 198002, 174999, 202761, 224794, 214480, 225701, 184037, 198917, 196399, 236169, 224606, 225382, 210711, 236355, 163679, 222098, 190970, 212144, 213458, 181830, 207273, 231086, 208267, 170487, 216689, 225794, 173300, 180610, 227434, 210698, 207719, 223339, 163030, 220668, 164853, 199593, 239738, 236903, 234936, 210743, 243978, 181482, 181251, 224983, 188899, 160766, 185305, 229882, 231025, 189585, 212166, 226495, 204219, 234886, 205458, 219333, 194448, 245558, 230980, 238969, 159902, 209444, 226328, 176094, 227138, 232732, 186087, 215002, 166510, 222212, 206960, 233864, 231820, 185347, 225308, 213339, 222714, 205919, 213473, 204515, 159361, 229733, 229947, 240876, 239429, 202556, 219204, 237778, 162820, 189248, 242433, 182381, 231342, 235760, 182849, 171160, 231378, 192615, 163408, 168388, 170063, 161341, 218529, 161062, 196011, 191864, 194365, 173504, 241048, 183351, 204298, 197202, 168265, 181104, 180076, 192605, 228278, 181193, 245223, 194925, 244115, 197753, 218752, 201359, 224230, 221252, 174121, 162251, 200049, 209820, 204156, 214324, 183800, 193025, 173409, 192375, 226015, 186559, 238537, 215731, 161882, 188694, 161495, 211230, 178351, 163784, 180155, 217568]
# 5-200-0.3-0.6
[150970, 264961, 132291, 182612, 146659, 245623, 233579, 239544, 286559, 215261, 170786, 140352, 243636, 123179, 217934, 229195, 274984, 116300, 232503, 185564, 175716, 270715, 142546, 198960, 123766, 121599, 122418, 286022, 257676, 118161, 215678, 172528, 226403, 123360, 254062, 173863, 230537, 245722, 260676, 176849, 206371, 176268, 173100, 236230, 191712, 121381, 224847, 261619, 284121, 141962, 164482, 280729, 193444, 147438, 202962, 247029, 226400, 248843, 165515, 195274, 190238, 269778, 246652, 248205, 218863, 270151, 124798, 241636, 179380, 221729, 224357, 161100, 211987, 259612, 213974, 138414, 230819, 249028, 144041, 158660, 252308, 218837, 212878, 244118, 123500, 238777, 127147, 196627, 276916, 271247, 267313, 218927, 285396, 160404, 159943, 247406, 175238, 118972, 168050, 257205, 259491, 176611, 221773, 250430, 205879, 267213, 208356, 236106, 186337, 288557, 259401, 275379, 117244, 216329, 250096, 149629, 251716, 262904, 169614, 227445, 130460, 241865, 211361, 265169, 261080, 168134, 248057, 224118, 242868, 209278, 224386, 206470, 116163, 256906, 257334, 279192, 276298, 202553, 235848, 272996, 123081, 175937, 282306, 162202, 260125, 268960, 163139, 139760, 260196, 182671, 124256, 134216, 137567, 120123, 234498, 119564, 189462, 181168, 186170, 144449, 279536, 164142, 206036, 191844, 133971, 159649, 157592, 182651, 253997, 159826, 287886, 187290, 285670, 192947, 234945, 200158, 245900, 239944, 145682, 121943, 197538, 217081, 205753, 226089, 165041, 183491, 144259, 182190, 249471, 170559, 274515, 228903, 121205, 174828, 120431, 219901, 154142, 125008, 157750, 232577]
# 5-200-0.6-0.3
[89953, 146948, 80613, 105774, 87797, 137279, 131257, 134240, 157747, 122098, 99861, 84644, 136286, 76057, 123435, 129065, 151960, 72618, 130719, 107250, 102326, 149825, 85741, 113948, 76351, 75267, 75677, 157479, 143306, 73548, 122307, 100732, 127669, 76148, 141499, 101399, 129736, 137329, 144806, 102892, 117653, 102602, 101018, 132583, 110324, 75158, 126891, 145277, 156528, 85449, 96709, 154832, 111190, 88187, 115949, 137982, 127668, 138889, 97225, 112105, 109587, 149357, 137794, 138570, 123899, 149543, 76867, 135286, 104158, 125332, 126646, 95018, 120461, 144274, 121455, 83675, 129877, 138982, 86488, 93798, 140622, 123886, 120907, 136527, 76218, 133856, 78041, 112781, 152926, 150091, 148124, 123931, 157166, 94670, 94439, 138171, 102087, 73954, 98493, 143070, 144213, 102773, 125354, 139683, 117407, 148074, 118646, 132521, 107636, 158746, 144168, 152157, 73090, 122632, 139516, 89282, 140326, 145920, 99275, 128190, 79698, 135400, 120148, 147052, 145008, 98535, 138496, 126527, 135902, 119107, 126661, 117703, 72549, 142921, 143135, 154064, 152617, 115744, 132392, 150966, 76008, 102436, 155621, 95569, 144530, 148948, 96037, 84348, 144566, 105803, 76596, 81576, 83251, 74529, 131717, 74250, 109199, 105052, 107553, 86692, 154236, 96539, 117486, 110390, 81453, 94292, 93264, 105793, 141466, 94381, 158411, 108113, 157303, 110941, 131940, 114547, 137418, 134440, 87309, 75439, 113237, 123008, 117344, 127512, 96988, 106213, 86597, 105563, 139203, 99747, 151725, 128919, 75070, 101882, 74683, 124418, 91539, 76972, 93343, 130756]
# 5-200-0.6-0.6
[64159, 178150, 45480, 95801, 59848, 158812, 146768, 152733, 199748, 128450, 83975, 53541, 156825, 36368, 131123, 142384, 188173, 29489, 145692, 98753, 88905, 183904, 55735, 112149, 36955, 34788, 35607, 199211, 170865, 31350, 128867, 85717, 139592, 36549, 167251, 87052, 143726, 158911, 173865, 90038, 119560, 89457, 86289, 149419, 104901, 34570, 138036, 174808, 197310, 55151, 77671, 193918, 106633, 60627, 116151, 160218, 139589, 162032, 78704, 108463, 103427, 182967, 159841, 161394, 132052, 183340, 37987, 154825, 92569, 134918, 137546, 74289, 125176, 172801, 127163, 51603, 144008, 162217, 57230, 71849, 165497, 132026, 126067, 157307, 36689, 151966, 40336, 109816, 190105, 184436, 180502, 132116, 198585, 73593, 73132, 160595, 88427, 32161, 81239, 170394, 172680, 89800, 134962, 163619, 119068, 180402, 121545, 149295, 99526, 201746, 172590, 188568, 30433, 129518, 163285, 62818, 164905, 176093, 82803, 140634, 43649, 155054, 124550, 178358, 174269, 81323, 161246, 137307, 156057, 122467, 137575, 119659, 29352, 170095, 170523, 192381, 189487, 115742, 149037, 186185, 36270, 89126, 195495, 75391, 173314, 182149, 76328, 52949, 173385, 95860, 37445, 47405, 50756, 33312, 147687, 32753, 102651, 94357, 99359, 57638, 192725, 77331, 119225, 105033, 47160, 72838, 70781, 95840, 167186, 73015, 201075, 100479, 198859, 106136, 148134, 113347, 159089, 153133, 58871, 35132, 110727, 130270, 118942, 139278, 78230, 96680, 57448, 95379, 162660, 83748, 187704, 142092, 34394, 88017, 33620, 133090, 67331, 38197, 70939, 145766]